%YAML:1.0
aruco_bc_nmarkers: 16
aruco_bc_mInfoType: 1
aruco_bc_markers:
   - { id:299, corners:[ [ 48.5e-03,
       198e-03, 0. ], [ 85e-03,
       198e-03, 0. ], [ 85e-03,
       235e-03, 0. ], [ 48.5e-03,
       235e-03, 0. ] ] }
   - { id:908, corners:[ [ 4e-03,
       198e-03, 0. ], [ 40.5e-03,
       198e-03, 0. ], [ 40.5e-03,
       235e-03, 0. ], [ 4e-03,
       235e-03, 0. ] ] }
   - { id:341, corners:[ [ 48.5e-03,
       243e-03, 0. ], [ 85e-03,
       243e-03, 0. ], [ 85e-03,
       280e-03, 0. ], [ 48.5e-03,
       280e-03, 0. ] ] }
   - { id:64, corners:[ [ 4e-03,
       243e-03, 0. ], [ 40.5e-03,
       243e-03, 0. ], [ 40.5e-03,
       280e-03, 0. ], [ 4e-03,
       280e-03, 0. ] ] }
   - { id:838, corners:[ [ 289.5e-03,
       3e-03, 0. ], [ 326e-03,
       3e-03, 0. ], [ 326e-03,
       40e-03, 0. ], [ 289.5e-03,
       40e-03, 0. ] ] }
   - { id:985, corners:[ [ 245e-03,
       3e-03, 0. ], [ 281.5e-03,
       3e-03, 0. ], [ 281.5e-03,
       40e-03, 0. ], [ 245e-03,
       40e-03, 0. ] ] }
   - { id:177, corners:[ [ 289.5e-03,
       48e-03, 0. ], [ 326e-03,
       48e-03, 0. ], [ 326e-03,
       85e-03, 0. ], [ 289.5e-03,
       85e-03, 0. ] ] }
   - { id:428, corners:[ [ 245e-03,
       48e-03, 0. ], [ 281.5e-03,
       48e-03, 0. ], [ 281.5e-03,
       85e-03, 0. ], [ 245e-03,
       85e-03, 0. ] ] }
   - { id:977, corners:[ [ 555.5e-03,
       251e-03, 0. ], [ 592e-03,
       251e-03, 0. ], [ 592e-03,
       288e-03, 0. ], [ 555.5e-03,
       288e-03, 0. ] ] }
   - { id:982, corners:[ [ 511e-03,
       251e-03, 0. ], [ 547.5e-03,
       251e-03, 0. ], [ 547.5e-03,
       288e-03, 0. ], [ 511e-03,
       288e-03, 0. ] ] }
   - { id:791, corners:[ [ 555.5e-03,
       296e-03, 0. ], [ 592e-03,
       296e-03, 0. ], [ 592e-03,
       333e-03, 0. ], [ 555.5e-03,
       333e-03, 0. ] ] }
   - { id:717, corners:[ [ 511e-03,
       296e-03, 0. ], [ 547.5e-03,
       296e-03, 0. ], [ 547.5e-03,
       333e-03, 0. ], [ 511e-03,
       333e-03, 0. ] ] }
   - { id:882, corners:[ [ 302e-03,
       420.5e-03, 0. ], [ 338.5e-03,
       420.5e-03, 0. ], [ 338.5e-03,
       457.5e-03, 0. ], [ 302e-03,
       457.5e-03, 0. ] ] }
   - { id:760, corners:[ [ 257.5e-03,
       420.5e-03, 0. ], [ 294e-03,
       420.5e-03, 0. ], [ 294e-03,
       457.5e-03, 0. ], [ 257.5e-03,
       457.5e-03, 0. ] ] }
   - { id:125, corners:[ [ 302e-03,
       465.5e-03, 0. ], [ 338.5e-03,
       465.5e-03, 0. ], [ 338.5e-03,
       502.5e-03, 0. ], [ 302e-03,
       502.5e-03, 0. ] ] }
   - { id:477, corners:[ [ 257.5e-03,
       465.5e-03, 0. ], [ 294e-03,
       465.5e-03, 0. ], [ 294e-03,
       502.5e-03, 0. ], [ 257.5e-03,
       502.5e-03, 0. ] ] }