%YAML:1.0
aruco_bc_nmarkers: 16
aruco_bc_mInfoType: 1
aruco_bc_markers:
   - { id:299, corners:[ [ 58e-03,
       205e-03, 0. ], [ 95e-03,
       206e-03, 0. ], [ 94e-03,
       242e-03, 0. ], [ 57e-03,
       241e-03, 0. ] ] }
   - { id:908, corners:[ [ 13e-03,
       205e-03, 0. ], [ 50e-03,
       205e-03, 0. ], [ 49.5e-03,
       241e-03, 0. ], [ 12e-03,
       240.5e-03, 0. ] ] }
   - { id:341, corners:[ [ 57e-03,
       250e-03, 0. ], [ 94e-03,
       250e-03, 0. ], [ 93.5e-03,
       287e-03, 0. ], [ 56.5e-03,
       287e-03, 0. ] ] }
   - { id:64, corners:[ [ 12e-03,
       248e-03, 0. ], [ 49.5e-03,
       249.5e-03, 0. ], [ 48.5e-03,
       287e-03, 0. ], [ 12e-03,
       286e-03, 0. ] ] }
   - { id:838, corners:[ [ 294e-03,
       16e-03, 0. ], [ 331e-03,
       16e-03, 0. ], [ 331e-03,
       52e-03, 0. ], [ 294e-03,
       52e-03, 0. ] ] }
   - { id:985, corners:[ [ 250e-03,
       15e-03, 0. ], [ 286e-03,
       15e-03, 0. ], [ 286e-03,
       52e-03, 0. ], [ 250e-03,
       51.5e-03, 0. ] ] }
   - { id:177, corners:[ [ 294e-03,
       59.5e-03, 0. ], [ 331e-03,
       60e-03, 0. ], [ 331e-03,
       97e-03, 0. ], [ 294e-03,
       96.5e-03, 0. ] ] }
   - { id:428, corners:[ [ 250e-03,
       59e-03, 0. ], [ 286e-03,
       59.5e-03, 0. ], [ 286e-03,
       96.5e-03, 0. ], [ 250e-03,
       96e-03, 0. ] ] }
   - { id:977, corners:[ [ 549e-03,
       259e-03, 0. ], [ 586e-03,
       258e-03, 0. ], [ 586e-03,
       295e-03, 0. ], [ 549.5e-03,
       296e-03, 0. ] ] }
   - { id:982, corners:[ [ 505e-03,
       259.5e-03, 0. ], [ 542e-03,
       259e-03, 0. ], [ 542e-03,
       295e-03, 0. ], [ 504e-03,
       295e-03, 0. ] ] }
   - { id:791, corners:[ [ 549e-03,
       303e-03, 0. ], [ 586e-03,
       303e-03, 0. ], [ 586e-03,
       340e-03, 0. ], [ 549e-03,
       340e-03, 0. ] ] }
   - { id:717, corners:[ [ 504e-03,
       304e-03, 0. ], [ 541e-03,
       304e-03, 0. ], [ 541e-03,
       340e-03, 0. ], [ 504e-03,
       340e-03, 0. ] ] }
   - { id:882, corners:[ [ 301e-03,
       421e-03, 0. ], [ 336e-03,
       420e-03, 0. ], [ 338e-03,
       457e-03, 0. ], [ 302e-03,
       458e-03, 0. ] ] }
   - { id:760, corners:[ [ 258e-03,
       420.5e-03, 0. ], [ 293e-03,
       421e-03, 0. ], [ 294e-03,
       458e-03, 0. ], [ 258e-03,
       458e-03, 0. ] ] }
   - { id:125, corners:[ [ 301.5e-03,
       465e-03, 0. ], [ 338.5e-03,
       464.5e-03, 0. ], [ 339e-03,
       502e-03, 0. ], [ 302e-03,
       502e-03, 0. ] ] }
   - { id:477, corners:[ [ 258e-03,
       465.5e-03, 0. ], [ 294e-03,
       465.5e-03, 0. ], [ 294e-03,
       503e-03, 0. ], [ 258e-03,
       502.5e-03, 0. ] ] }