%YAML:1.0
calibration_time: "03/21/14 16:17:08"
nframes: 20
image_width: 1280
image_height: 720
board_width: 6
board_height: 4
square_size: 35.
FixAspectRatio: 1.
# flags:  +fix_aspectRatio
flags: 2
camera_matrix: !!opencv-matrix
   rows: 3
   cols: 3
   dt: d
   data: [ 1.3777666548059588e+003, 0., 6.3405524706446317e+002, 0.,
       1.3777666548059588e+003, 3.4771428601671880e+002, 0., 0., 1. ]
distortion_coefficients: !!opencv-matrix
   rows: 5
   cols: 1
   dt: d
   data: [ -1.6794680163806525e-001, 6.3209569868091471e+000,
       3.0783138956303772e-003, 1.5369414182212771e-003,
       -6.3707322540456943e+001 ]
avg_reprojection_error: 3.8008422616218285e-001
per_view_reprojection_errors: !!opencv-matrix
   rows: 20
   cols: 1
   dt: f
   data: [ 1.86884284e-001, 1.34770557e-001, 1.40054479e-001,
       4.59260136e-001, 6.61647141e-001, 3.39247286e-001,
       2.19430864e-001, 4.27253753e-001, 1.46405414e-001,
       3.06487024e-001, 4.86791790e-001, 3.75079721e-001,
       5.64133584e-001, 5.51952779e-001, 5.80125809e-001,
       1.38589531e-001, 1.76739156e-001, 1.59664690e-001,
       1.55082583e-001, 5.19272089e-001 ]
# a set of 6-tuples (rotation vector + translation vector) for each view
extrinsic_parameters: !!opencv-matrix
   rows: 20
   cols: 6
   dt: d
   data: [ -1.3702171137518354e-001, -1.0598016756243981e-002,
       -2.9650179912082741e-002, -1.1080846166211671e+002,
       -4.7928431989409972e+001, 7.6106741853911240e+002,
       -4.7113993867530270e-002, -6.2900834745998904e-002,
       -6.2582923055225936e-001, -1.0022796405858767e+002,
       -2.0214902823498071e+000, 7.5523341163425391e+002,
       3.3139208186277656e-002, -4.6648129632837466e-002,
       -1.5324612295028803e+000, -6.7883574943293453e+001,
       8.5554090867849226e+001, 7.2584426335368153e+002,
       -5.4910429811023831e-001, -6.7931720717864486e-001,
       -1.4733085349992818e+000, -9.4945250405784137e+001,
       7.1628313150855590e+001, 6.9418573368565001e+002,
       -8.5679211581277093e-001, 8.8546415543936796e-001,
       1.3662816384011627e+000, -1.5605408352025711e+000,
       -4.7937123230182095e+001, 8.1857377387751603e+002,
       -3.7605725800062706e-001, -4.4683555912278189e-001,
       -1.5324744143297262e+000, -9.4646262294952450e+001,
       6.7883349505108711e+001, 6.9269570821533102e+002,
       2.4127938369196353e-001, 2.0563845947782206e-001,
       -1.5344627774311090e+000, -1.1441689557122993e+002,
       7.8787050683199794e+001, 7.1119184177112197e+002,
       4.6096735851164611e-001, 4.4428459209344906e-001,
       -1.4871170649244361e+000, -1.2324886706654941e+002,
       1.0305697938001262e+002, 6.7221788807884980e+002,
       -1.8264989964632886e-001, -1.0947818437377963e-002,
       -1.5528152547853918e-002, -1.2316524234558928e+002,
       -4.0259433715210967e+001, 7.6671746815775271e+002,
       -2.4416241782848339e-001, -5.2538445155278046e-001,
       -3.4935713140787448e-003, -1.4207550371270028e+002,
       -4.1130112707137741e+001, 7.0858551473642524e+002,
       -2.2238001710338975e-001, -8.9804835677190631e-001,
       2.5919028338348814e-002, -1.1698651164058818e+002,
       -4.6242973880631105e+001, 6.3695919440471152e+002,
       -1.7521066443915623e-001, 6.2165310429871867e-001,
       -5.3820229902955048e-002, -1.0634669996743234e+002,
       5.8561806432745787e+000, 7.8963674273496736e+002,
       -1.7434130775813936e-001, 9.5771931288290901e-001,
       -9.1500389420510420e-002, -7.0143864182452972e+001,
       1.0556434185192376e+000, 7.8002088920601886e+002,
       1.7563376828787819e-001, 9.9384562069132520e-001,
       -1.0378729641643816e-001, -6.7172268621252499e+001,
       -8.5619884936084986e+001, 7.7577540265445634e+002,
       4.0882622513410988e-001, 1.0185500338551126e+000,
       6.6278113107736902e-002, -6.1833553235335131e+001,
       -6.4607621978929075e+001, 7.7537627201655073e+002,
       -1.2725203269328822e-001, 3.3509857452900527e-002,
       1.5689225624101801e+000, 2.0073442256539762e+000,
       -5.3078161209863595e+001, 7.9226386726405826e+002,
       1.4458838382123501e-001, 6.5089363980420950e-002,
       -1.5560016795612379e+000, -9.9186874299245531e+001,
       1.2684093191560372e+002, 7.2153400971030158e+002,
       -8.4631576986504448e-002, 4.1867788488294762e-002,
       -1.1159377620986259e+000, -1.2536015149934927e+002,
       4.5734498788039261e+001, 7.3978505948377153e+002,
       -1.2344781312853816e-001, -4.8174006517228307e-002,
       -4.6711893809036575e-001, -9.1647194370802936e+001,
       -3.4559063200606126e+001, 7.4848211964114034e+002,
       -7.7995273553527011e-001, -4.2148955767041507e-001,
       -7.4083143935811679e-001, -9.6250501577806617e+001,
       -2.9417660393750886e+001, 7.4812448786840378e+002 ]
