%YAML:1.0
calibration_time: "03/21/14 16:14:18"
nframes: 20
image_width: 1280
image_height: 720
board_width: 6
board_height: 4
square_size: 35.
FixAspectRatio: 1.
# flags:  +fix_aspectRatio
flags: 2
camera_matrix: !!opencv-matrix
   rows: 3
   cols: 3
   dt: d
   data: [ 1.3931449184556229e+003, 0., 6.2864664343280560e+002, 0.,
       1.3931449184556229e+003, 3.5999752581651728e+002, 0., 0., 1. ]
distortion_coefficients: !!opencv-matrix
   rows: 5
   cols: 1
   dt: d
   data: [ 5.0443066697456421e-002, -4.1268485857828019e-001,
       7.2129749968860421e-003, 4.5271333297126979e-004,
       1.0903053014252790e+000 ]
avg_reprojection_error: 4.4892021247432734e-001
per_view_reprojection_errors: !!opencv-matrix
   rows: 20
   cols: 1
   dt: f
   data: [ 1.84066907e-001, 1.67450249e-001, 1.80899754e-001,
       2.59509146e-001, 6.06140494e-001, 7.38531768e-001,
       6.50737882e-001, 5.74739814e-001, 2.22923219e-001,
       4.71473485e-001, 3.76860648e-001, 5.87541759e-001,
       1.91307127e-001, 2.50287026e-001, 2.08569705e-001,
       4.68133718e-001, 4.68396515e-001, 2.26383597e-001,
       5.00246882e-001, 7.48318493e-001 ]
# a set of 6-tuples (rotation vector + translation vector) for each view
extrinsic_parameters: !!opencv-matrix
   rows: 20
   cols: 6
   dt: d
   data: [ -9.5214798772860695e-002, -9.1520163621931577e-002,
       2.7519779915945897e-002, -1.0444448889984417e+002,
       -3.5427916764267955e+001, 6.4032031427693812e+002,
       -8.2818014574048790e-002, -7.5833682589824092e-002,
       -4.9425210250172336e-001, -1.3028003041771666e+002,
       -2.3448804874684424e+001, 6.2484064515514763e+002,
       1.4911887620526115e-001, -7.3158229768501781e-002,
       -1.4213746966651986e+000, -1.0169535128487504e+002,
       5.8217693274142341e+001, 5.7235317894928801e+002,
       -1.6006692252343285e-001, -2.0220069672847910e-001,
       9.2841560164520187e-001, -8.6035560226823833e+001,
       -1.1073377671680866e+002, 5.6466615970284727e+002,
       -8.7316489372217143e-001, -6.5244012983958849e-002,
       -2.0804132622300003e-001, -1.7627611109864935e+002,
       -1.5053277078363445e+001, 6.1468376982716461e+002,
       -1.0227610852820450e+000, 4.8144269241562770e-001,
       8.4819931979317742e-001, -1.6284298697115122e+002,
       -5.4472480962297325e+001, 6.4017811482715797e+002,
       -8.0694371385378461e-001, -6.9231915134499356e-001,
       -1.2828325540143259e+000, -1.9811352929134691e+002,
       4.1379378828268727e+001, 5.2946979679933838e+002,
       -8.0774511367866408e-001, -1.2936114561754977e-001,
       -8.7309929767849792e-001, -2.2953953901857471e+002,
       4.1163175308524814e+001, 6.2480644635192357e+002,
       -2.6027191221886509e-001, -4.6642925971774600e-002,
       1.9636814237167045e-002, -1.8528126834016882e+002,
       -8.7680143899021928e+001, 6.9107756885199603e+002,
       -7.0257935682573780e-001, -3.2222148048051992e-002,
       4.0891510341184982e-002, -1.7801163701671459e+002,
       -8.4507447386686735e+001, 7.1550389437418198e+002,
       3.9733642635200367e-001, 9.6283821670482828e-003,
       5.6444970800161301e-003, -1.8087490344147943e+002,
       -6.5592083766453840e+001, 6.3021494873420227e+002,
       7.4219908737174878e-001, 3.0491417043521981e-002,
       1.7171450613113273e-003, -1.7870561956258760e+002,
       -3.6216127710484677e+001, 6.0774674649154326e+002,
       -9.6535545589550104e-002, -3.5431612204182457e-002,
       4.2508972262919595e-002, -1.7380561759263841e+002,
       -7.0849845678703858e+001, 6.8709728978246733e+002,
       -1.2035808792009003e-001, -6.3372122480880935e-002,
       -1.5545815703678183e+000, -1.9485559332472471e+002,
       1.1258267701709454e+002, 6.5508325545631044e+002,
       -1.7480720571505448e-001, -2.9302712456621874e-002,
       1.1944057669967168e-002, -1.6927735961161062e+002,
       -5.4174514942100878e+001, 6.8805877552339848e+002,
       -6.0546458631078037e-001, -4.8371030664885883e-001,
       -4.5234049834458057e-001, -1.8318904925634396e+002,
       5.9497243403923106e+000, 6.2901911974357790e+002,
       -4.3855304486331792e-001, -6.1126784809232859e-001,
       -1.0417633228142436e+000, -1.6501163359366603e+002,
       7.4424600824616974e+001, 6.0952118374821475e+002,
       -1.4799438633331816e-001, 3.7247658280853510e-002,
       2.3270139879203786e-001, -1.3814412311831276e+002,
       -6.9322671780525923e+001, 6.6913176266682353e+002,
       -3.6550580667476573e-001, 7.2738274684625637e-001,
       9.0914836098262786e-001, -3.3321860098547425e+001,
       -6.4811863320783019e+001, 6.9769022911317995e+002,
       -5.3698217681243643e-001, 1.0660732745821255e+000,
       1.1591711516454408e+000, -4.5649125084318172e+001,
       -8.5906326900091315e+001, 7.0454058552359334e+002 ]
