%YAML:1.0
calibration_time: "03/18/14 16:39:29"
nframes: 25
image_width: 1280
image_height: 720
board_width: 6
board_height: 4
square_size: 35.
FixAspectRatio: 1.
# flags:  +fix_aspectRatio +fix_principal_point +zero_tangent_dist
flags: 14
camera_matrix: !!opencv-matrix
   rows: 3
   cols: 3
   dt: d
   data: [ 1.3537765046531918e+003, 0., 6.3950000000000000e+002, 0.,
       1.3537765046531918e+003, 3.5950000000000000e+002, 0., 0., 1. ]
distortion_coefficients: !!opencv-matrix
   rows: 5
   cols: 1
   dt: d
   data: [ -1.1568794830909937e-001, 2.6148173688121239e+000, 0., 0.,
       -1.2739751054923783e+001 ]
avg_reprojection_error: 5.5141098401927779e-001
per_view_reprojection_errors: !!opencv-matrix
   rows: 25
   cols: 1
   dt: f
   data: [ 5.45591176e-001, 5.40759504e-001, 5.65575123e-001,
       5.30793369e-001, 5.31508505e-001, 5.50975680e-001,
       5.30750394e-001, 5.68924010e-001, 5.58790743e-001,
       5.69662988e-001, 5.40154457e-001, 5.52979767e-001,
       5.46550512e-001, 5.61001837e-001, 5.42168379e-001,
       6.09369159e-001, 5.62633634e-001, 5.72761357e-001,
       5.27468741e-001, 5.57787597e-001, 5.08184075e-001,
       5.49455285e-001, 5.47971666e-001, 5.67533016e-001,
       5.37292004e-001 ]
# a set of 6-tuples (rotation vector + translation vector) for each view
extrinsic_parameters: !!opencv-matrix
   rows: 25
   cols: 6
   dt: d
   data: [ -4.1829818896450116e-001, 1.7949977065467065e-002,
       -1.8078636579814795e-002, -1.1011727708933444e+002,
       -5.6016589534250578e+001, 3.6831637287668337e+002,
       -4.1861218749620493e-001, 1.6209938453863416e-002,
       -1.9299138184298587e-002, -1.1039093260106777e+002,
       -5.5962755067531347e+001, 3.6825549595849947e+002,
       -4.1774272771987297e-001, 2.0580575928955028e-002,
       -1.9695671525309544e-002, -1.1058731815187434e+002,
       -5.5895855799226176e+001, 3.6840587534867524e+002,
       -4.2112354875116181e-001, 1.7073093259259951e-002,
       -2.2823392070536123e-002, -1.1165350613321540e+002,
       -5.5470637792317859e+001, 3.6836212210376999e+002,
       -4.2051048672079777e-001, 1.6807642269634188e-002,
       -2.2503951975172541e-002, -1.1199355761491306e+002,
       -5.5210275072057506e+001, 3.6832496286845588e+002,
       -4.2122182573109318e-001, 1.6206340345456614e-002,
       -2.5014636408273425e-002, -1.1295410386577674e+002,
       -5.5307947508187347e+001, 3.6832804989596667e+002,
       -4.2001338912563918e-001, 1.6941999169265844e-002,
       -2.5009297970748776e-002, -1.1316373299781469e+002,
       -5.5310678409420497e+001, 3.6825395204791738e+002,
       -4.2078907619167222e-001, 1.5415957942717507e-002,
       -2.5909974989426297e-002, -1.1328842790006931e+002,
       -5.5467357816693912e+001, 3.6835063608296684e+002,
       -4.1754919970478627e-001, 1.7701978573720068e-002,
       -2.5157799569651966e-002, -1.1273576005351340e+002,
       -5.6082051871648865e+001, 3.6811351312819579e+002,
       -4.1946310840368511e-001, 1.6652205126954395e-002,
       -2.4936921947015842e-002, -1.1200614939673389e+002,
       -5.5625387984044330e+001, 3.6836958548559778e+002,
       -4.2297622472968499e-001, 1.7547355803641949e-002,
       -2.3924171470932881e-002, -1.1161060670746265e+002,
       -5.5621613392141150e+001, 3.6851908175314145e+002,
       -4.1779471075103763e-001, 1.7974256406027223e-002,
       -2.5634409502789127e-002, -1.1243083761590910e+002,
       -5.5450049671523459e+001, 3.6835660453135245e+002,
       -4.2161535310432857e-001, 1.7291506962774445e-002,
       -2.5862630478754242e-002, -1.1263651589449515e+002,
       -5.5352997769166265e+001, 3.6856651546549318e+002,
       -4.1655423940749925e-001, 1.6617661975040558e-002,
       -2.5338247620869468e-002, -1.1236958265817420e+002,
       -5.5308735297906786e+001, 3.6812158627202137e+002,
       -4.2173653466967187e-001, 1.7407400074527252e-002,
       -2.3545564371097935e-002, -1.1191672313509299e+002,
       -5.5122844749946154e+001, 3.6850507416632939e+002,
       -4.1658054931743693e-001, 1.4738281482636376e-002,
       -2.4777326712425458e-002, -1.1223402856352800e+002,
       -5.4918964323126325e+001, 3.6815127124381559e+002,
       -4.2133800526511800e-001, 1.8048324369106743e-002,
       -2.3221516352392758e-002, -1.1160059182401460e+002,
       -5.4109230077785547e+001, 3.6885586293751913e+002,
       -4.2492769644415485e-001, 1.8138866402787768e-002,
       -2.2626339957460676e-002, -1.1188186234270060e+002,
       -5.4324030084809714e+001, 3.6890527977770552e+002,
       -4.2368862900179466e-001, 1.6533307595191029e-002,
       -2.2078431017501496e-002, -1.1230667777960250e+002,
       -5.4244579297325700e+001, 3.6886173411903621e+002,
       -4.2123347294631719e-001, 1.5087368265889373e-002,
       -2.1937793120828650e-002, -1.1234765442951176e+002,
       -5.4252577073567885e+001, 3.6865147704852325e+002,
       -4.2206499504540135e-001, 1.6377664907848689e-002,
       -2.1961380486675720e-002, -1.1277823094327510e+002,
       -5.4453438455989527e+001, 3.6859326046648044e+002,
       -4.2234605399656777e-001, 1.3705466803122126e-002,
       -2.1247001878650237e-002, -1.1219683094542422e+002,
       -5.4189736172736680e+001, 3.6870245328278685e+002,
       -4.2792946188227965e-001, 1.6609159200786653e-002,
       -2.1585768375190738e-002, -1.1203239840801409e+002,
       -5.3928814142612360e+001, 3.6926934644459919e+002,
       -4.2471193983479472e-001, 1.8280624079402605e-002,
       -2.7119543863053909e-002, -1.1285041294040725e+002,
       -5.3969472905512845e+001, 3.6923808679502372e+002,
       -4.2183513619590518e-001, 1.9355662646905063e-002,
       -2.4743797950589824e-002, -1.1218470652503196e+002,
       -5.4082639672163793e+001, 3.6913842488881198e+002 ]
