%YAML:1.0
calibration_time: "03/18/14 16:41:46"
nframes: 25
image_width: 1280
image_height: 720
board_width: 6
board_height: 4
square_size: 35.
FixAspectRatio: 1.
# flags:  +fix_aspectRatio +fix_principal_point +zero_tangent_dist
flags: 14
camera_matrix: !!opencv-matrix
   rows: 3
   cols: 3
   dt: d
   data: [ 6.8425179195043370e+002, 0., 6.3950000000000000e+002, 0.,
       6.8425179195043370e+002, 3.5950000000000000e+002, 0., 0., 1. ]
distortion_coefficients: !!opencv-matrix
   rows: 5
   cols: 1
   dt: d
   data: [ 4.9903377858164536e-003, 5.0707049778168131e-002, 0., 0.,
       -8.1270976110319998e-002 ]
avg_reprojection_error: 3.2101235406189887e-001
per_view_reprojection_errors: !!opencv-matrix
   rows: 25
   cols: 1
   dt: f
   data: [ 2.95688927e-001, 2.69143820e-001, 2.70290017e-001,
       3.16546947e-001, 2.83390164e-001, 3.47653925e-001,
       2.64162570e-001, 3.44230592e-001, 2.81219929e-001,
       2.92747319e-001, 2.89864510e-001, 3.11718464e-001,
       2.79137880e-001, 2.59705752e-001, 3.15397084e-001,
       2.54533917e-001, 3.41835260e-001, 3.57861608e-001,
       2.99703985e-001, 3.09217930e-001, 5.83675265e-001,
       3.10849398e-001, 2.71673262e-001, 3.82578433e-001,
       3.31978768e-001 ]
# a set of 6-tuples (rotation vector + translation vector) for each view
extrinsic_parameters: !!opencv-matrix
   rows: 25
   cols: 6
   dt: d
   data: [ -4.5881941229353844e-002, -1.7080737149551884e-003,
       -5.9959672158865912e-003, -1.1702711161682579e+002,
       -5.5013353570380431e+001, 1.8743714659470319e+002,
       -4.6552283840950046e-002, -2.4180276582061485e-003,
       -5.7861236172235915e-003, -1.1727523146955522e+002,
       -5.4814348735010647e+001, 1.8747170205172901e+002,
       -4.6067575099040962e-002, -3.0562163666612834e-003,
       -6.5790442457212515e-003, -1.1775745376795777e+002,
       -5.4746756151767691e+001, 1.8742803877798491e+002,
       -4.7778902544432650e-002, -3.4748576145986407e-003,
       -6.4056384259343424e-003, -1.1844957872560013e+002,
       -5.4678597881525995e+001, 1.8758993905325707e+002,
       -4.6066346685846894e-002, -3.5127782964655633e-003,
       -7.0495687473132347e-003, -1.1901743581281160e+002,
       -5.5086715673161052e+001, 1.8735305921893152e+002,
       -4.5226036930834622e-002, -3.8383123496410123e-003,
       -7.0207055840372816e-003, -1.1870589108408603e+002,
       -5.4791877057290868e+001, 1.8732582642689098e+002,
       -4.7889306577458331e-002, -3.8282593220098251e-003,
       -6.3879353619125260e-003, -1.1900037816163639e+002,
       -5.4108639703426412e+001, 1.8757120410371988e+002,
       -4.6561698109948146e-002, -3.8081438119075993e-003,
       -7.1437047133119172e-003, -1.1922014427449196e+002,
       -5.3882189593873903e+001, 1.8747463198774466e+002,
       -4.6418713407705453e-002, -3.7695230538754769e-003,
       -6.4713684200660478e-003, -1.1932539348709740e+002,
       -5.3316078404143269e+001, 1.8749469641866264e+002,
       -4.7364123516488547e-002, -4.2360299352836202e-003,
       -6.6543521525185998e-003, -1.1968826438884621e+002,
       -5.3515405868956670e+001, 1.8749077507574546e+002,
       -4.6761715125232639e-002, -4.7746224336126042e-003,
       -7.5581496600030150e-003, -1.1993329920832338e+002,
       -5.3501117023665316e+001, 1.8750331766788634e+002,
       -4.6246912760238894e-002, -4.5307858882181612e-003,
       -7.8443942999507927e-003, -1.2036264346681688e+002,
       -5.3680365654032919e+001, 1.8736948061278667e+002,
       -4.8355992045879433e-002, -5.4828790458707642e-003,
       -7.3218888311383876e-003, -1.2007711963067045e+002,
       -5.3219836405671117e+001, 1.8752677677622248e+002,
       -4.7818039603210148e-002, -5.5064884118105305e-003,
       -7.3246278667175148e-003, -1.2061287702861743e+002,
       -5.3332086809762465e+001, 1.8748986830664848e+002,
       -4.8497262244559157e-002, -5.7923297810706237e-003,
       -6.6466220046490160e-003, -1.2070055068297142e+002,
       -5.3016204856409345e+001, 1.8764747217874702e+002,
       -4.8597394194212107e-002, -5.9340132601439499e-003,
       -6.0574357884421622e-003, -1.2083327335387175e+002,
       -5.3214138028393471e+001, 1.8755965788655033e+002,
       -4.7563616999398713e-002, -5.3280478152156266e-003,
       -5.8725324039057263e-003, -1.2088248987405116e+002,
       -5.2979676024666574e+001, 1.8750144293313534e+002,
       -4.6343385169363975e-002, -7.7064076363788569e-003,
       -7.7979199238405097e-003, -1.2231173533488429e+002,
       -5.3368632864564887e+001, 1.8732111325488873e+002,
       -4.7234825341014378e-002, -8.0852902611363939e-003,
       -9.0015419948463373e-003, -1.2279915585810500e+002,
       -5.3791361472070285e+001, 1.8741335069255408e+002,
       -4.6670424726541371e-002, -7.4226498141662864e-003,
       -1.0264828979622049e-002, -1.2306727651870864e+002,
       -5.4102332165192706e+001, 1.8729620679827491e+002,
       -4.2941498728058157e-002, -7.0952711131469105e-003,
       -9.5374723889986197e-003, -1.2279970532399059e+002,
       -5.3893499259855751e+001, 1.8713537505688996e+002,
       -4.6077451554486830e-002, -7.4531558470401207e-003,
       -8.5201651629417015e-003, -1.2227375536756806e+002,
       -5.4050537451319151e+001, 1.8736571754082178e+002,
       -4.7273459666534977e-002, -7.6083865238028613e-003,
       -8.3203755266301142e-003, -1.2242557721759566e+002,
       -5.4106498467569679e+001, 1.8738515561694814e+002,
       -4.4640839577268610e-002, -7.3703302291916392e-003,
       -8.0133422153941015e-003, -1.2266840827382639e+002,
       -5.4145257265882506e+001, 1.8722539019117406e+002,
       -4.6177634438221739e-002, -7.7291160980917806e-003,
       -9.0515408500555679e-003, -1.2253768271619703e+002,
       -5.3991164974635581e+001, 1.8733507723962359e+002 ]
